# 9
# 9
# 9
1.06628e-06
2.00219e-06
1.19203e-05
2.48744e-05
1.26656e-05
1.23805e-05
2.48601e-05
1.19894e-05
2.01767e-06
2.00248e-06
3.75018e-06
2.23343e-05
4.66526e-05
2.35041e-05
2.42883e-05
4.73323e-05
2.26883e-05
3.81222e-06
1.19197e-05
2.23435e-05
0.000132806
0.000276499
0.00013621
0.000145468
0.000282424
0.000135143
2.27055e-05
2.47615e-05
4.63375e-05
0.00027488
0.000572037
0.00027505
0.000306491
0.000584007
0.000278243
4.68663e-05
1.24533e-05
2.34889e-05
0.000138863
0.000287794
0.000134427
0.000147665
0.000286486
0.000138201
2.34919e-05
1.25115e-05
2.3497e-05
0.000140051
0.000289171
0.000153868
0.000147177
0.000293148
0.000141978
2.38927e-05
2.48822e-05
4.70844e-05
0.000278339
0.000577034
0.000296033
0.000280348
0.000579996
0.000278881
4.69326e-05
1.19671e-05
2.26002e-05
0.000134078
0.000278514
0.000140051
0.000136386
0.000277819
0.000134125
2.25032e-05
2.01717e-06
3.81138e-06
2.26419e-05
4.68826e-05
2.36696e-05
2.27946e-05
4.66306e-05
2.2549e-05
3.788e-06
2.01695e-06
3.79514e-06
2.25721e-05
4.73874e-05
2.45969e-05
2.26057e-05
4.66364e-05
2.26256e-05
3.80705e-06
3.76371e-06
7.11296e-06
4.21084e-05
8.87968e-05
4.69821e-05
4.24037e-05
8.68918e-05
4.21626e-05
7.11641e-06
2.23646e-05
4.26061e-05
0.000252992
0.000525239
0.000271501
0.000261238
0.000515029
0.000248954
4.1863e-05
4.61727e-05
8.86301e-05
0.00052556
0.00108559
0.000541962
0.000568501
0.00106322
0.000511096
8.60201e-05
2.28765e-05
4.38403e-05
0.000263285
0.000553416
0.000250875
0.000308558
0.000528227
0.00025596
4.30613e-05
2.37164e-05
4.54131e-05
0.000275794
0.000593713
0.000334487
0.000277211
0.000572758
0.00027005
4.50511e-05
4.75781e-05
9.00125e-05
0.000535062
0.00112271
0.000595231
0.000527558
0.00109987
0.00053567
9.05025e-05
2.28614e-05
4.3424e-05
0.000258381
0.000535091
0.000271079
0.000260804
0.000530599
0.000254217
4.29019e-05
3.84346e-06
7.2783e-06
4.33812e-05
9.01801e-05
4.7284e-05
4.28183e-05
8.94107e-05
4.29374e-05
7.21686e-06
1.20194e-05
2.25602e-05
0.000134109
0.000279413
0.000141981
0.000139708
0.000280819
0.00013508
2.27641e-05
2.23919e-05
4.22408e-05
0.000250116
0.000523642
0.000269037
0.000262428
0.000521269
0.000251284
4.21905e-05
0.000133192
0.000254642
0.0015073
0.00311045
0.00157519
0.00155861
0.00306222
0.00148155
0.000248526
0.000274743
0.000530582
0.00316352
0.00656672
0.00334708
0.0032318
0.00623855
0.00299614
0.00050475
0.000133784
0.00026789
0.00162888
0.00342609
0.00165443
0.00184638
0.00321361
0.00151352
0.000249206
0.000140545
0.0002598
0.00156021
0.00342904
0.0020407
0.00168028
0.00324407
0.00155773
0.000268422
0.000282216
0.000530477
0.00317964
0.00664864
0.00354617
0.00313832
0.0065392
0.00318121
0.000541039
0.000136404
0.00025741
0.00153356
0.003198
0.00164737
0.00155344
0.00319154
0.00151608
0.000256884
2.29857e-05
4.34181e-05
0.000259067
0.000539024
0.0002811
0.000258686
0.000536513
0.000257662
4.32965e-05
2.51471e-05
4.70844e-05
0.000278537
0.000576994
0.000285196
0.000304359
0.000585636
0.000282111
4.75086e-05
4.7007e-05
8.88073e-05
0.000521706
0.0010809
0.000533332
0.000574577
0.00107286
0.000516135
8.70556e-05
0.000278643
0.00053047
0.00312858
0.00650059
0.00321996
0.0033839
0.00633748
0.00302149
0.000515215
0.000566051
0.00110563
0.00656231
0.0136694
0.00702355
0.00696712
0.0127256
0.00612777
0.00102542
0.000277092
0.000541629
0.00333177
0.00734491
0.00390403
0.00431094
0.00644772
0.003001
0.000504224
0.000286753
0.000538027
0.00324948
0.00699329
0.00490043
0.00342884
0.0067407
0.00327242
0.000562139
0.000584149
0.00108188
0.00657428
0.0138939
0.00783262
0.00683098
0.0139127
0.00670782
0.00113386
0.000284712
0.000530887
0.00317029
0.00674405
0.00355167
0.00337828
0.00668451
0.00324473
0.000545806
4.79766e-05
9.00773e-05
0.000538781
0.0011369
0.000590699
0.000572376
0.00112051
0.000546888
9.21566e-05
1.27119e-05
2.37157e-05
0.000140344
0.000284688
0.000151343
0.000158853
0.000299923
0.000141846
2.42393e-05
2.4356e-05
4.60592e-05
0.000261195
0.000497863
0.000287454
0.00030071
0.000531665
0.000253068
4.33984e-05
0.00014079
0.000280533
0.00162195
0.0030875
0.0015051
0.00202064
0.00315208
0.00145248
0.000252991
0.000287156
0.000584903
0.00339827
0.00689745
0.00355748
0.00445457
0.00611533
0.00286269
0.000502803
0.000137212
0.000273212
0.00173098
0.00388175
0.00274533
0.00278834
0.0034744
0.00148023
0.000262295
0.000139362
0.000265181
0.00173397
0.00361675
0.00243538
0.00238466
0.00408177
0.0019658
0.0003085
0.000297189
0.000512584
0.0031085
0.00699433
0.00508196
0.00423013
0.00771244
0.00357138
0.000620981
0.000145366
0.000260374
0.00157582
0.00354763
0.0022892
0.00198348
0.00364312
0.00171206
0.000288415
2.40663e-05
4.53374e-05
0.000278776
0.000613171
0.000345828
0.000332358
0.000594402
0.000279261
4.77805e-05
1.22059e-05
2.31532e-05
0.000137159
0.000285427
0.000120943
0.000148954
0.000280591
0.000135976
2.27508e-05
2.28915e-05
4.304e-05
0.000259256
0.000574663
0.000229899
0.000284009
0.000570165
0.000281342
4.60598e-05
0.000137735
0.000248708
0.00149135
0.00326827
0.00156796
0.00156125
0.00340593
0.00166372
0.00027118
0.000283589
0.000512735
0.00297365
0.0063669
0.00360234
0.00343977
0.00769525
0.00354877
0.000576201
0.000143445
0.000272668
0.00140261
0.00307271
0.00256809
0.00227307
0.00397564
0.00164399
0.000261532
0.000145124
0.000294997
0.00169889
0.00357609
0.00268584
0.00264041
0.00353951
0.00163316
0.000288134
0.000271866
0.000557924
0.00332425
0.00689624
0.00329869
0.00333826
0.00596982
0.00293213
0.000487233
0.000131689
0.000258995
0.00153724
0.003091
0.00133057
0.00164945
0.00289735
0.00141732
0.000243303
2.25255e-05
4.27247e-05
0.000250084
0.000497799
0.000210382
0.000304887
0.000512023
0.000246364
4.15651e-05
2.45727e-05
4.62455e-05
0.000274071
0.000570431
0.000274835
0.00029582
0.000579954
0.000276605
4.66968e-05
4.69363e-05
8.69315e-05
0.000521505
0.00109997
0.000554699
0.000546525
0.00112064
0.000542794
9.14259e-05
0.000277889
0.000509892
0.00305706
0.00643617
0.00333557
0.00327028
0.00669788
0.00324785
0.000545534
0.000577885
0.00104205
0.00614155
0.0132089
0.00677948
0.00713959
0.0143847
0.00673441
0.00112821
0.000297637
0.000523382
0.00301383
0.00632088
0.00365728
0.00443756
0.00668258
0.0032566
0.000547435
0.000274551
0.000533644
0.00307325
0.00646422
0.00350779
0.003804
0.00754271
0.00323849
0.000549051
0.000563948
0.00108501
0.00634902
0.0129733
0.00603908
0.00714321
0.0133477
0.0062627
0.00105215
0.000271883
0.00051738
0.00303036
0.00624867
0.00298711
0.00329582
0.00621175
0.00301243
0.000507791
4.56557e-05
8.64651e-05
0.000508758
0.00104102
0.000503033
0.000555165
0.00105542
0.000507896
8.54418e-05
1.19105e-05
2.23691e-05
0.000132969
0.000275392
0.000136952
0.000142157
0.000279018
0.000134445
2.25632e-05
2.25612e-05
4.21535e-05
0.000252109
0.000528455
0.000264415
0.000277352
0.000538655
0.000258524
4.34455e-05
0.000134013
0.000248117
0.00148313
0.00311923
0.00154306
0.00167372
0.00323797
0.00155073
0.000259554
0.000279832
0.000507397
0.00302125
0.00643811
0.00312082
0.00348154
0.00681626
0.00323678
0.000540745
0.000142303
0.000260812
0.00151376
0.00313726
0.0017679
0.00168982
0.00321676
0.00158092
0.00026151
0.000136918
0.000256244
0.00153654
0.00308894
0.00156041
0.00179789
0.003423
0.00157396
0.000272789
0.000274701
0.00051767
0.00304408
0.00622684
0.00289471
0.00341843
0.00652089
0.00308184
0.000519629
0.000132102
0.000248451
0.00146675
0.0030405
0.00144051
0.00157057
0.00309122
0.00149004
0.000251437
2.2361e-05
4.19252e-05
0.000247509
0.000509832
0.000249834
0.00026078
0.000514772
0.000250018
4.22591e-05
2.00626e-06
3.75574e-06
2.23257e-05
4.63744e-05
2.27659e-05
2.45796e-05
4.7309e-05
2.27349e-05
3.8234e-06
3.7953e-06
7.06848e-06
4.20908e-05
8.8283e-05
4.35221e-05
4.8299e-05
9.1835e-05
4.35439e-05
7.31249e-06
2.25724e-05
4.19386e-05
0.00024943
0.000523208
0.000256559
0.000282572
0.000548775
0.000261073
4.38097e-05
4.72042e-05
8.59913e-05
0.000513036
0.00108919
0.000545047
0.000566323
0.0011316
0.00053991
9.11391e-05
2.39181e-05
4.4025e-05
0.000254816
0.000532108
0.000291617
0.000267968
0.000549184
0.000271831
4.57826e-05
2.33428e-05
4.41344e-05
0.000263385
0.000528891
0.000262081
0.00030846
0.000562734
0.000259557
4.46065e-05
4.61618e-05
8.72023e-05
0.000512773
0.00105125
0.000506286
0.000571656
0.00109997
0.000519911
8.74943e-05
2.23087e-05
4.18741e-05
0.000248744
0.000512499
0.000244805
0.000273165
0.000523503
0.000252685
4.23985e-05
3.76988e-06
7.08384e-06
4.18899e-05
8.63456e-05
4.23126e-05
4.46485e-05
8.77002e-05
4.23949e-05
7.14149e-06
